{
  "nbformat": 4,
  "nbformat_minor": 0,
  "metadata": {
    "colab": {
      "name": "Tensor Flow Course",
      "version": "0.3.2",
      "provenance": [],
      "include_colab_link": true
    },
    "kernelspec": {
      "name": "python3",
      "display_name": "Python 3"
    },
    "accelerator": "GPU"
  },
  "cells": [
    {
      "cell_type": "markdown",
      "metadata": {
        "id": "view-in-github",
        "colab_type": "text"
      },
      "source": [
        "[View in Colaboratory](https://colab.research.google.com/github/igoryamamoto/ws-tf/blob/master/Tensor_Flow_Course.ipynb)"
      ]
    },
    {
      "metadata": {
        "id": "GC1LtImf7jEj",
        "colab_type": "text"
      },
      "cell_type": "markdown",
      "source": [
        "# Digit Recognition with Tensor Flow"
      ]
    },
    {
      "metadata": {
        "id": "yd7v5pX17w1v",
        "colab_type": "text"
      },
      "cell_type": "markdown",
      "source": [
        "## Import dependencies"
      ]
    },
    {
      "metadata": {
        "id": "NiPXqFK21Gl3",
        "colab_type": "code",
        "colab": {
          "base_uri": "https://localhost:8080/",
          "height": 34
        },
        "outputId": "977c0b35-a606-4efc-f3ba-417c913b02e0"
      },
      "cell_type": "code",
      "source": [
        "import numpy as np\n",
        "import tensorflow as tf\n",
        "tf.test.gpu_device_name()"
      ],
      "execution_count": 3,
      "outputs": [
        {
          "output_type": "execute_result",
          "data": {
            "text/plain": [
              "'/device:GPU:0'"
            ]
          },
          "metadata": {
            "tags": []
          },
          "execution_count": 3
        }
      ]
    },
    {
      "metadata": {
        "id": "PLL9jGZ8-Hm3",
        "colab_type": "code",
        "colab": {}
      },
      "cell_type": "code",
      "source": [
        "tf.logging.set_verbosity(tf.logging.INFO)"
      ],
      "execution_count": 0,
      "outputs": []
    },
    {
      "metadata": {
        "id": "79bIhesA5_bk",
        "colab_type": "text"
      },
      "cell_type": "markdown",
      "source": [
        "## Convolutional Neural Network Definition"
      ]
    },
    {
      "metadata": {
        "id": "xvLH_EEc2zWr",
        "colab_type": "code",
        "colab": {}
      },
      "cell_type": "code",
      "source": [
        "def cnn_model_fn(features, labels,mode):\n",
        "  #input\n",
        "  input_layer  = tf.reshape(features['x'], [-1,28,28,1])\n",
        "  \n",
        "  # Convolutional Layer #1\n",
        "  conv1 = tf.layers.conv2d(\n",
        "        inputs=input_layer,\n",
        "        filters=32,\n",
        "        kernel_size=[5, 5],\n",
        "        padding=\"same\",\n",
        "        activation=tf.nn.relu)\n",
        "  \n",
        "  # Pooling Layer #1\n",
        "  pool1 = tf.layers.max_pooling2d(inputs=conv1, pool_size=[2, 2], strides=2)\n",
        "  \n",
        "  # Convolutional Layer #2 and Pooling Layer #2\n",
        "  conv2 = tf.layers.conv2d(\n",
        "    inputs=pool1,\n",
        "    filters=64,\n",
        "    kernel_size=[5, 5],\n",
        "    padding=\"same\",\n",
        "    activation=tf.nn.relu)\n",
        "  pool2 = tf.layers.max_pooling2d(inputs=conv2, pool_size=[2, 2], strides=2)\n",
        "  \n",
        "  # Dense Layer\n",
        "  pool2_flat = tf.reshape(pool2, [-1, 7 * 7 * 64])\n",
        "  dense = tf.layers.dense(inputs=pool2_flat, units=1024, activation=tf.nn.relu)\n",
        "  dropout = tf.layers.dropout(inputs=dense, rate=0.4, training=(mode == tf.estimator.ModeKeys.TRAIN))\n",
        "  \n",
        "  # Logits Layer\n",
        "  logits = tf.layers.dense(inputs=dropout, units=10)\n",
        "  \n",
        "  \n",
        "  predictions = {\n",
        "     # Generate predictions (for PREDICT and EVAL mode)\n",
        "     \"classes\": tf.argmax(input=logits, axis=1),\n",
        "     # Add `softmax_tensor` to the graph. It is used for PREDICT and by the `logging_hook`.\n",
        "     \"probabilities\": tf.nn.softmax(logits, name=\"softmax_tensor\"),\n",
        "  }\n",
        "  \n",
        "  if mode == tf.estimator.ModeKeys.PREDICT:\n",
        "        return tf.estimator.EstimatorSpec(mode=mode, predictions=predictions)\n",
        "\n",
        "  # Calculate Loss (for both TRAIN and EVAL modes)\n",
        "  loss = tf.losses.sparse_softmax_cross_entropy(labels=labels, logits=logits)\n",
        "  \n",
        "  # Configure the Training Op (for TRAIN mode)\n",
        "  if mode == tf.estimator.ModeKeys.TRAIN:\n",
        "      optimizer = tf.train.GradientDescentOptimizer(learning_rate=0.001)\n",
        "      train_op = optimizer.minimize(loss=loss, global_step=tf.train.get_global_step())\n",
        "      return tf.estimator.EstimatorSpec(mode=mode, loss=loss, train_op=train_op)\n",
        "\n",
        "  # Add evaluation metrics (for EVAL mode)\n",
        "  eval_metric_ops = {\n",
        "      \"accuracy\": tf.metrics.accuracy(labels=labels, predictions=predictions[\"classes\"])\n",
        "  }\n",
        "  return tf.estimator.EstimatorSpec(mode=mode, loss=loss, eval_metric_ops=eval_metric_ops)"
      ],
      "execution_count": 0,
      "outputs": []
    },
    {
      "metadata": {
        "id": "jdVFlyun-ncM",
        "colab_type": "text"
      },
      "cell_type": "markdown",
      "source": [
        "## Train and Evaluate MNIST example"
      ]
    },
    {
      "metadata": {
        "id": "PIC0pU-i9xRV",
        "colab_type": "code",
        "colab": {
          "base_uri": "https://localhost:8080/",
          "height": 574790
        },
        "outputId": "6472afdc-0d7f-42f9-b092-420a320fa495"
      },
      "cell_type": "code",
      "source": [
        "# Load training and eval data\n",
        "mnist = tf.contrib.learn.datasets.load_dataset(\"mnist\")\n",
        "train_data = mnist.train.images  # Returns np.array\n",
        "train_labels = np.asarray(mnist.train.labels, dtype=np.int32)\n",
        "eval_data = mnist.test.images  # Returns np.array\n",
        "eval_labels = np.asarray(mnist.test.labels, dtype=np.int32)\n",
        "\n",
        "# Create the Estimator\n",
        "mnist_classifier = tf.estimator.Estimator(model_fn=cnn_model_fn, model_dir=\"/tmp/mnist_convnet_model\")\n",
        "\n",
        "# Set up logging for predictions\n",
        "tensors_to_log = {\"probabilities\": \"softmax_tensor\"}\n",
        "logging_hook = tf.train.LoggingTensorHook(tensors=tensors_to_log, every_n_iter=50)\n",
        "\n",
        "# Train the model\n",
        "train_input_fn = tf.estimator.inputs.numpy_input_fn(\n",
        "    x={\"x\": train_data},\n",
        "    y=train_labels,\n",
        "    batch_size=100,\n",
        "    num_epochs=None,\n",
        "    shuffle=True)\n",
        "\n",
        "mnist_classifier.train(\n",
        "    input_fn=train_input_fn,\n",
        "    steps=20000,\n",
        "    hooks=[logging_hook])\n",
        "\n",
        "# Evaluate the model and print results\n",
        "eval_input_fn = tf.estimator.inputs.numpy_input_fn(\n",
        "    x={\"x\": eval_data},\n",
        "    y=eval_labels,\n",
        "    num_epochs=1,\n",
        "    shuffle=False)\n",
        "eval_results = mnist_classifier.evaluate(input_fn=eval_input_fn)\n",
        "print(eval_results)"
      ],
      "execution_count": 0,
      "outputs": [
        {
          "output_type": "stream",
          "text": [
            "WARNING:tensorflow:From <ipython-input-7-d2309c95b310>:1: load_dataset (from tensorflow.contrib.learn.python.learn.datasets) is deprecated and will be removed in a future version.\n",
            "Instructions for updating:\n",
            "Please use tf.data.\n",
            "WARNING:tensorflow:From /usr/local/lib/python3.6/dist-packages/tensorflow/contrib/learn/python/learn/datasets/__init__.py:80: load_mnist (from tensorflow.contrib.learn.python.learn.datasets.mnist) is deprecated and will be removed in a future version.\n",
            "Instructions for updating:\n",
            "Please use alternatives such as official/mnist/dataset.py from tensorflow/models.\n",
            "WARNING:tensorflow:From /usr/local/lib/python3.6/dist-packages/tensorflow/contrib/learn/python/learn/datasets/mnist.py:300: read_data_sets (from tensorflow.contrib.learn.python.learn.datasets.mnist) is deprecated and will be removed in a future version.\n",
            "Instructions for updating:\n",
            "Please use alternatives such as official/mnist/dataset.py from tensorflow/models.\n",
            "WARNING:tensorflow:From /usr/local/lib/python3.6/dist-packages/tensorflow/contrib/learn/python/learn/datasets/mnist.py:260: maybe_download (from tensorflow.contrib.learn.python.learn.datasets.base) is deprecated and will be removed in a future version.\n",
            "Instructions for updating:\n",
            "Please write your own downloading logic.\n",
            "WARNING:tensorflow:From /usr/local/lib/python3.6/dist-packages/tensorflow/contrib/learn/python/learn/datasets/base.py:252: _internal_retry.<locals>.wrap.<locals>.wrapped_fn (from tensorflow.contrib.learn.python.learn.datasets.base) is deprecated and will be removed in a future version.\n",
            "Instructions for updating:\n",
            "Please use urllib or similar directly.\n",
            "Successfully downloaded train-images-idx3-ubyte.gz 9912422 bytes.\n",
            "WARNING:tensorflow:From /usr/local/lib/python3.6/dist-packages/tensorflow/contrib/learn/python/learn/datasets/mnist.py:262: extract_images (from tensorflow.contrib.learn.python.learn.datasets.mnist) is deprecated and will be removed in a future version.\n",
            "Instructions for updating:\n",
            "Please use tf.data to implement this functionality.\n",
            "Extracting MNIST-data/train-images-idx3-ubyte.gz\n",
            "Successfully downloaded train-labels-idx1-ubyte.gz 28881 bytes.\n",
            "WARNING:tensorflow:From /usr/local/lib/python3.6/dist-packages/tensorflow/contrib/learn/python/learn/datasets/mnist.py:267: extract_labels (from tensorflow.contrib.learn.python.learn.datasets.mnist) is deprecated and will be removed in a future version.\n",
            "Instructions for updating:\n",
            "Please use tf.data to implement this functionality.\n",
            "Extracting MNIST-data/train-labels-idx1-ubyte.gz\n",
            "Successfully downloaded t10k-images-idx3-ubyte.gz 1648877 bytes.\n",
            "Extracting MNIST-data/t10k-images-idx3-ubyte.gz\n",
            "Successfully downloaded t10k-labels-idx1-ubyte.gz 4542 bytes.\n",
            "Extracting MNIST-data/t10k-labels-idx1-ubyte.gz\n",
            "WARNING:tensorflow:From /usr/local/lib/python3.6/dist-packages/tensorflow/contrib/learn/python/learn/datasets/mnist.py:290: DataSet.__init__ (from tensorflow.contrib.learn.python.learn.datasets.mnist) is deprecated and will be removed in a future version.\n",
            "Instructions for updating:\n",
            "Please use alternatives such as official/mnist/dataset.py from tensorflow/models.\n",
            "INFO:tensorflow:Using default config.\n",
            "INFO:tensorflow:Using config: {'_model_dir': '/tmp/mnist_convnet_model', '_tf_random_seed': None, '_save_summary_steps': 100, '_save_checkpoints_steps': None, '_save_checkpoints_secs': 600, '_session_config': None, '_keep_checkpoint_max': 5, '_keep_checkpoint_every_n_hours': 10000, '_log_step_count_steps': 100, '_train_distribute': None, '_device_fn': None, '_service': None, '_cluster_spec': <tensorflow.python.training.server_lib.ClusterSpec object at 0x7fc69f8c6978>, '_task_type': 'worker', '_task_id': 0, '_global_id_in_cluster': 0, '_master': '', '_evaluation_master': '', '_is_chief': True, '_num_ps_replicas': 0, '_num_worker_replicas': 1}\n",
            "INFO:tensorflow:Calling model_fn.\n",
            "INFO:tensorflow:Done calling model_fn.\n",
            "INFO:tensorflow:Create CheckpointSaverHook.\n",
            "INFO:tensorflow:Graph was finalized.\n",
            "INFO:tensorflow:Running local_init_op.\n",
            "INFO:tensorflow:Done running local_init_op.\n",
            "INFO:tensorflow:Saving checkpoints for 0 into /tmp/mnist_convnet_model/model.ckpt.\n",
            "INFO:tensorflow:probabilities = [[0.10565674 0.10414404 0.09742311 0.09463915 0.09647682 0.10816137\n",
            "  0.10538705 0.08372563 0.10318551 0.10120057]\n",
            " [0.105196   0.11013499 0.08460043 0.08935855 0.09551861 0.10082544\n",
            "  0.10132191 0.0930455  0.11019053 0.10980804]\n",
            " [0.10601883 0.10481993 0.09850269 0.09203798 0.10319527 0.1142913\n",
            "  0.10001754 0.09040451 0.0975816  0.09313034]\n",
            " [0.0963838  0.09997433 0.10250413 0.09761728 0.09264608 0.09656536\n",
            "  0.10747965 0.10723693 0.09411834 0.10547404]\n",
            " [0.09266695 0.11141492 0.10010023 0.09414939 0.09363183 0.09890191\n",
            "  0.10931871 0.09384959 0.10029002 0.10567649]\n",
            " [0.10220318 0.10144331 0.08723573 0.10228898 0.09220131 0.10450941\n",
            "  0.10538827 0.10178997 0.10475029 0.09818961]\n",
            " [0.09498708 0.10231009 0.09715688 0.09612307 0.10393786 0.10155628\n",
            "  0.1066291  0.10165682 0.09523848 0.10040435]\n",
            " [0.10571005 0.10205355 0.10357355 0.09733541 0.09424822 0.11337212\n",
            "  0.10089216 0.0841625  0.10258994 0.09606256]\n",
            " [0.10636376 0.09991527 0.10091335 0.09724922 0.0996049  0.10564526\n",
            "  0.10179024 0.08493952 0.09626159 0.10731692]\n",
            " [0.09459584 0.09799444 0.09592982 0.10465181 0.08839869 0.10438202\n",
            "  0.10134634 0.10523824 0.10385879 0.10360401]\n",
            " [0.10387889 0.09532968 0.09933172 0.09611253 0.09786715 0.10673\n",
            "  0.10330938 0.09723874 0.10177483 0.09842706]\n",
            " [0.10492112 0.09860726 0.09165361 0.09874467 0.10129366 0.11183118\n",
            "  0.10083505 0.09371465 0.09334762 0.10505119]\n",
            " [0.10254347 0.10554619 0.09546326 0.09545282 0.09382635 0.11141659\n",
            "  0.09717809 0.09484455 0.10122282 0.10250585]\n",
            " [0.09468053 0.10749638 0.09845049 0.09847419 0.09515196 0.10054635\n",
            "  0.11249638 0.09225577 0.10269242 0.09775546]\n",
            " [0.09873728 0.1026682  0.10270266 0.09531808 0.09333897 0.10786477\n",
            "  0.10748789 0.09163975 0.0989276  0.10131479]\n",
            " [0.10217241 0.10264542 0.09926664 0.10167044 0.0998293  0.10528138\n",
            "  0.09966601 0.08729225 0.09469112 0.10748506]\n",
            " [0.10444042 0.10815894 0.08656965 0.10510905 0.0880667  0.10661428\n",
            "  0.10703733 0.09582639 0.10008028 0.09809696]\n",
            " [0.10290525 0.09964781 0.08285274 0.09743784 0.09661567 0.11036849\n",
            "  0.11831699 0.08470203 0.1082023  0.09895089]\n",
            " [0.09726071 0.10274424 0.09532043 0.10044964 0.08544974 0.10299695\n",
            "  0.10342395 0.10942581 0.10203023 0.10089826]\n",
            " [0.09540407 0.11075124 0.09423802 0.0905435  0.10451737 0.10745828\n",
            "  0.10758386 0.08799534 0.11001664 0.09149162]\n",
            " [0.10575226 0.09556884 0.09733408 0.09559614 0.09300438 0.09957302\n",
            "  0.1044658  0.0967132  0.10683871 0.1051536 ]\n",
            " [0.10325931 0.10120305 0.09317118 0.10040361 0.1082467  0.11176027\n",
            "  0.10444649 0.08890189 0.09122653 0.09738094]\n",
            " [0.10935438 0.10949661 0.08272264 0.09266435 0.10536927 0.11111767\n",
            "  0.10313289 0.08929444 0.09581942 0.10102834]\n",
            " [0.09568843 0.11062597 0.09550407 0.09983196 0.09624061 0.11176274\n",
            "  0.10819937 0.08980694 0.09025245 0.10208749]\n",
            " [0.09016622 0.10033114 0.09615166 0.0963157  0.09337422 0.10821667\n",
            "  0.11502574 0.10128905 0.09952171 0.09960794]\n",
            " [0.09965228 0.1035426  0.09574575 0.09430571 0.09469858 0.11253007\n",
            "  0.10051679 0.09087499 0.10532447 0.10280881]\n",
            " [0.09671844 0.1105385  0.09487452 0.10107831 0.08574396 0.11890806\n",
            "  0.11010275 0.09041589 0.09829177 0.09332772]\n",
            " [0.10277225 0.10637043 0.09777592 0.09589846 0.09046184 0.10315026\n",
            "  0.10722807 0.09990196 0.09840734 0.09803344]\n",
            " [0.10438854 0.10676475 0.0928141  0.09069033 0.09542695 0.11274481\n",
            "  0.1049071  0.08900724 0.10621014 0.09704607]\n",
            " [0.11493058 0.11306242 0.09804581 0.08596955 0.09369699 0.10166138\n",
            "  0.10409408 0.10081573 0.09098209 0.09674139]\n",
            " [0.10077258 0.10568085 0.09235057 0.10153629 0.10412829 0.11450122\n",
            "  0.10704368 0.08168368 0.08743938 0.10486346]\n",
            " [0.09519894 0.09852101 0.08812772 0.09406105 0.10747518 0.11070618\n",
            "  0.11319149 0.09907639 0.09387621 0.09976584]\n",
            " [0.0986746  0.10351012 0.09234226 0.09305618 0.08901732 0.10814352\n",
            "  0.10797273 0.09821829 0.11044163 0.09862336]\n",
            " [0.10217536 0.10293023 0.09321789 0.1044185  0.08846971 0.11312065\n",
            "  0.10588593 0.09268603 0.10022961 0.09686612]\n",
            " [0.10194709 0.10733286 0.09190022 0.08895709 0.10062296 0.10310289\n",
            "  0.10819336 0.09878152 0.10273459 0.09642741]\n",
            " [0.09942038 0.10919303 0.09451753 0.09860534 0.08623441 0.11017657\n",
            "  0.10444365 0.09730458 0.10192762 0.09817692]\n",
            " [0.11500391 0.10304015 0.08670431 0.0967508  0.09783015 0.1021165\n",
            "  0.10265563 0.09031566 0.1098178  0.09576502]\n",
            " [0.10295119 0.09760974 0.09149505 0.09754223 0.09318224 0.09885323\n",
            "  0.11082076 0.09223873 0.10697854 0.10832835]\n",
            " [0.10774247 0.11273813 0.09277514 0.08561909 0.09676179 0.11035272\n",
            "  0.11296614 0.08587434 0.09631013 0.09886   ]\n",
            " [0.10184288 0.10059241 0.09616227 0.1046289  0.08992039 0.10476246\n",
            "  0.11066585 0.09437907 0.09838443 0.09866131]\n",
            " [0.1113749  0.10632939 0.09373479 0.09953961 0.090445   0.10506232\n",
            "  0.09994    0.09370208 0.10231029 0.09756167]\n",
            " [0.09339225 0.11112931 0.10103653 0.09261386 0.09968559 0.09992601\n",
            "  0.10789774 0.08830056 0.10735048 0.09866769]\n",
            " [0.10788948 0.09763857 0.10130369 0.10021657 0.08882351 0.09978139\n",
            "  0.10433107 0.0937399  0.10792121 0.09835462]\n",
            " [0.10391808 0.10518669 0.09833215 0.09671968 0.08507276 0.10129135\n",
            "  0.10819148 0.09514846 0.10494146 0.10119788]\n",
            " [0.09511369 0.0991238  0.09660669 0.09319979 0.09230509 0.10700837\n",
            "  0.11423078 0.09851763 0.10819116 0.09570308]\n",
            " [0.09561721 0.10903191 0.08942814 0.10285474 0.10733479 0.10676961\n",
            "  0.1064871  0.08882894 0.09706542 0.09658214]\n",
            " [0.09775429 0.10011744 0.09186529 0.09687963 0.09586961 0.10780591\n",
            "  0.10761244 0.0927369  0.10373223 0.10562624]\n",
            " [0.09422249 0.10570152 0.09329286 0.0949746  0.09838104 0.10201792\n",
            "  0.11092708 0.0978721  0.09820187 0.10440849]\n",
            " [0.09695291 0.10766462 0.08739635 0.09929512 0.09180073 0.10953955\n",
            "  0.11687976 0.09690551 0.09253652 0.10102902]\n",
            " [0.09756202 0.10492745 0.09649392 0.10861937 0.08512456 0.10141946\n",
            "  0.10119742 0.09604356 0.10628026 0.10233201]\n",
            " [0.08995569 0.10349683 0.09582169 0.09856562 0.11523993 0.10758363\n",
            "  0.10081849 0.09242383 0.09865446 0.09743977]\n",
            " [0.09592505 0.10265031 0.10595642 0.09984816 0.09962562 0.11077178\n",
            "  0.10458139 0.09068109 0.09317585 0.09678435]\n",
            " [0.09563804 0.10217389 0.08689857 0.09810989 0.09750071 0.11133288\n",
            "  0.1076149  0.09901258 0.10076266 0.10095585]\n",
            " [0.09624373 0.09995358 0.09065126 0.08879984 0.09881398 0.11423548\n",
            "  0.11049777 0.09198294 0.10364284 0.10517862]\n",
            " [0.09938218 0.10380824 0.09532653 0.09822604 0.08909918 0.09973548\n",
            "  0.10677337 0.09977025 0.10468337 0.10319535]\n",
            " [0.09784035 0.11013378 0.09152198 0.09562454 0.10026775 0.09990095\n",
            "  0.10836221 0.09301161 0.09866636 0.10467048]\n",
            " [0.10265117 0.09932905 0.09961707 0.08902063 0.09814984 0.09815086\n",
            "  0.10422622 0.10055857 0.10408527 0.10421129]\n",
            " [0.09478011 0.09946056 0.09792597 0.09698166 0.09401745 0.11000196\n",
            "  0.1103967  0.08930977 0.10316588 0.10395995]\n",
            " [0.10252649 0.10049758 0.0935905  0.09986574 0.09629092 0.10647126\n",
            "  0.10755229 0.09939585 0.09676012 0.09704931]\n",
            " [0.08920903 0.09933615 0.08852804 0.09848359 0.10063489 0.10280216\n",
            "  0.11849534 0.10130361 0.10282739 0.09837979]\n",
            " [0.10489592 0.11136463 0.08608006 0.09775995 0.09209499 0.10826557\n",
            "  0.10382016 0.08751704 0.10058979 0.10761189]\n",
            " [0.09313304 0.1133307  0.09534363 0.08993231 0.09024736 0.10124496\n",
            "  0.11950877 0.09050649 0.10777216 0.09898054]\n",
            " [0.09172987 0.10212801 0.10169221 0.09166867 0.08975101 0.10367718\n",
            "  0.11744756 0.09909741 0.10815193 0.09465621]\n",
            " [0.09527463 0.11623731 0.09786568 0.08909306 0.08937418 0.10701296\n",
            "  0.11006626 0.09787063 0.09771179 0.0994935 ]\n",
            " [0.10089368 0.10866221 0.09790368 0.08859988 0.09787071 0.10313515\n",
            "  0.10671892 0.09458178 0.09563609 0.10599793]\n",
            " [0.11609402 0.09682772 0.09300221 0.09793231 0.09723815 0.09719622\n",
            "  0.11200099 0.09700562 0.09717574 0.09552696]\n",
            " [0.09498315 0.09786165 0.09321732 0.09859934 0.0982324  0.1049864\n",
            "  0.10787503 0.10605626 0.1014837  0.09670471]\n",
            " [0.0981442  0.10110205 0.09406247 0.10815233 0.095789   0.10260946\n",
            "  0.10213204 0.09482061 0.10369248 0.09949534]\n",
            " [0.09606887 0.11130334 0.09519706 0.09652689 0.09877317 0.09975435\n",
            "  0.11061116 0.09387597 0.10174469 0.09614449]\n",
            " [0.10872858 0.10715718 0.09595077 0.09958052 0.09548104 0.10290334\n",
            "  0.1054863  0.08794431 0.09860592 0.09816201]\n",
            " [0.09181087 0.11353195 0.09463285 0.09485049 0.10311278 0.1102979\n",
            "  0.11987036 0.08918776 0.09236246 0.09034259]\n",
            " [0.09376775 0.10783476 0.09535456 0.10314626 0.0916447  0.11108539\n",
            "  0.10669293 0.0936525  0.09896213 0.09785903]\n",
            " [0.09448047 0.10610113 0.09923126 0.09830226 0.09679825 0.11236078\n",
            "  0.1061391  0.10032635 0.09610505 0.09015527]\n",
            " [0.10067695 0.09913678 0.090514   0.10124907 0.10529082 0.10743441\n",
            "  0.10598932 0.09470502 0.10137226 0.09363143]\n",
            " [0.09422309 0.10174244 0.09708486 0.09926499 0.09825586 0.1018318\n",
            "  0.10523253 0.09708033 0.10473337 0.10055077]\n",
            " [0.10387069 0.10863563 0.10097586 0.10562464 0.09026674 0.10577377\n",
            "  0.09426319 0.09768063 0.08368526 0.1092236 ]\n",
            " [0.09558392 0.11594494 0.10413596 0.09765071 0.08786655 0.11128996\n",
            "  0.1072902  0.09607124 0.09258012 0.09158646]\n",
            " [0.10429425 0.10324275 0.08799282 0.09282392 0.0995444  0.10501838\n",
            "  0.11405038 0.09014348 0.10099094 0.10189877]\n",
            " [0.10276648 0.10893226 0.09313014 0.10154144 0.09427883 0.10705356\n",
            "  0.09899902 0.10689224 0.08846179 0.09794423]\n",
            " [0.09689137 0.11205656 0.09732485 0.10162536 0.09561395 0.10449618\n",
            "  0.10002115 0.09225465 0.09399813 0.10571778]\n",
            " [0.09397852 0.10571847 0.09671436 0.09157085 0.09060066 0.10831711\n",
            "  0.11416133 0.0967097  0.09642729 0.10580176]\n",
            " [0.08839952 0.10728783 0.09621529 0.09457561 0.09479704 0.11145397\n",
            "  0.10799348 0.09239461 0.10379795 0.10308468]\n",
            " [0.10020133 0.10962041 0.09345622 0.09006986 0.10750606 0.11054291\n",
            "  0.1016904  0.09476466 0.09726212 0.0948861 ]\n",
            " [0.10228887 0.10167917 0.09179775 0.10371386 0.1000671  0.10518131\n",
            "  0.10962125 0.08741039 0.09473646 0.10350387]\n",
            " [0.1031722  0.10774436 0.09221033 0.10263775 0.09621271 0.10193574\n",
            "  0.10863963 0.08830805 0.1003383  0.09880093]\n",
            " [0.10289336 0.09882854 0.09276548 0.10055438 0.09612337 0.11080778\n",
            "  0.09294675 0.09224217 0.1064698  0.10636835]\n",
            " [0.09441631 0.11034878 0.10109871 0.10600904 0.09233749 0.10800515\n",
            "  0.1011646  0.08870359 0.09652019 0.10139613]\n",
            " [0.09797575 0.11045293 0.09367517 0.09333084 0.08950086 0.10701326\n",
            "  0.11079798 0.09737991 0.09535426 0.10451906]\n",
            " [0.10368729 0.11251061 0.09867796 0.08405937 0.09278771 0.12372959\n",
            "  0.10051126 0.10019933 0.09193647 0.09190045]\n",
            " [0.09815721 0.10624605 0.09383908 0.09633219 0.10031823 0.11761697\n",
            "  0.09894574 0.09333503 0.0954273  0.09978216]\n",
            " [0.10018548 0.09910164 0.09346636 0.08949955 0.09503914 0.11353586\n",
            "  0.11133728 0.09090666 0.10391244 0.10301559]\n",
            " [0.09659272 0.10843565 0.09469014 0.09959956 0.08928557 0.09964683\n",
            "  0.11190718 0.08976071 0.10477914 0.10530256]\n",
            " [0.09383851 0.10324213 0.09693572 0.10302995 0.09470536 0.10575111\n",
            "  0.10733554 0.08987485 0.1011174  0.10416944]\n",
            " [0.09754871 0.10829566 0.08851495 0.08916938 0.10545094 0.10862215\n",
            "  0.10666931 0.09370976 0.10268435 0.0993348 ]\n",
            " [0.0930198  0.10438259 0.10534504 0.10043092 0.08549401 0.10406309\n",
            "  0.10718729 0.09658439 0.1040888  0.09940407]\n",
            " [0.10382488 0.10254076 0.09966312 0.10262789 0.10053637 0.10664879\n",
            "  0.09527215 0.08923706 0.09522942 0.10441957]\n",
            " [0.0976344  0.1001583  0.09164865 0.09580717 0.09609721 0.11410706\n",
            "  0.10284138 0.09372704 0.10522664 0.10275207]\n",
            " [0.09668849 0.11090164 0.09428286 0.09256251 0.09672502 0.10545256\n",
            "  0.10382415 0.10196237 0.09992781 0.09767261]\n",
            " [0.10035861 0.09913972 0.0996797  0.09660162 0.09106755 0.0990093\n",
            "  0.10526023 0.09990544 0.1040042  0.1049737 ]\n",
            " [0.09602837 0.10695954 0.10084894 0.09558117 0.09086075 0.1088147\n",
            "  0.10374061 0.09848857 0.10087561 0.09780174]]\n",
            "INFO:tensorflow:loss = 2.305217, step = 0\n"
          ],
          "name": "stdout"
        },
        {
          "output_type": "stream",
          "text": [
            "INFO:tensorflow:probabilities = [[0.10103126 0.09657289 0.10110503 0.09903058 0.09794539 0.10468317\n",
            "  0.10957886 0.09882978 0.09421331 0.09700974]\n",
            " [0.10742753 0.11871902 0.09511614 0.09225898 0.09177843 0.11154287\n",
            "  0.11636858 0.08526626 0.09852802 0.08299417]\n",
            " [0.10749424 0.10352323 0.09612851 0.08587757 0.09529715 0.10567147\n",
            "  0.10710427 0.09909358 0.09855638 0.10125363]\n",
            " [0.09079933 0.11441863 0.09041522 0.09854399 0.08641054 0.0959039\n",
            "  0.12797573 0.09307602 0.1023185  0.10013814]\n",
            " [0.09717491 0.10514337 0.09929725 0.0887337  0.08936427 0.11901335\n",
            "  0.10590704 0.09913641 0.09651982 0.0997099 ]\n",
            " [0.0965658  0.10714559 0.09654834 0.09800942 0.09528873 0.09743547\n",
            "  0.10723237 0.09305558 0.10565008 0.10306863]\n",
            " [0.09609998 0.11123443 0.09941878 0.09504549 0.09599253 0.09806543\n",
            "  0.10447265 0.09977231 0.10184526 0.09805314]\n",
            " [0.09562736 0.10084406 0.10038322 0.09069914 0.09488664 0.10800751\n",
            "  0.10691056 0.09464709 0.10405033 0.10394411]\n",
            " [0.09499989 0.10141717 0.10445099 0.09341747 0.09513522 0.09910719\n",
            "  0.10547313 0.09873119 0.11283935 0.09442841]\n",
            " [0.10779569 0.0958861  0.09509274 0.10261378 0.09804416 0.1055716\n",
            "  0.10386198 0.09307515 0.09974711 0.09831168]\n",
            " [0.10554779 0.09397174 0.10078026 0.09322107 0.0995855  0.10657864\n",
            "  0.09769365 0.10014776 0.09732566 0.10514788]\n",
            " [0.10490607 0.09343336 0.09865334 0.09083825 0.10323825 0.10350858\n",
            "  0.1043909  0.0937297  0.1032196  0.10408196]\n",
            " [0.10301302 0.11522423 0.09791577 0.08549331 0.09288098 0.10204343\n",
            "  0.1019938  0.09577397 0.1017586  0.10390293]\n",
            " [0.09880324 0.10579826 0.09349735 0.09397113 0.10602703 0.11063478\n",
            "  0.10625125 0.08884942 0.0929385  0.10322908]\n",
            " [0.09783534 0.11190863 0.10245605 0.09790366 0.08773757 0.10132704\n",
            "  0.10717624 0.09822311 0.09529401 0.10013844]\n",
            " [0.104454   0.09642331 0.10135951 0.09859586 0.09006446 0.09670757\n",
            "  0.10439353 0.1005888  0.09901464 0.10839833]\n",
            " [0.09907877 0.10768902 0.09518655 0.09078982 0.08974832 0.10847709\n",
            "  0.10069659 0.10542852 0.10093123 0.10197406]\n",
            " [0.103631   0.10868064 0.10063596 0.09621693 0.08998623 0.10259709\n",
            "  0.10176379 0.09146121 0.10580124 0.09922586]\n",
            " [0.09933528 0.09335263 0.09280822 0.0963975  0.09571964 0.10175483\n",
            "  0.11736253 0.09300286 0.10306485 0.10720164]\n",
            " [0.10315834 0.10178532 0.08693964 0.10343917 0.091251   0.10688666\n",
            "  0.10412185 0.10328144 0.09482953 0.10430703]\n",
            " [0.09301088 0.09846743 0.10980567 0.10082976 0.09384263 0.09623162\n",
            "  0.10864197 0.09361155 0.1034819  0.10207657]\n",
            " [0.09608689 0.10600393 0.0974237  0.0948827  0.08283405 0.10203429\n",
            "  0.10889363 0.10776684 0.09679486 0.10727908]\n",
            " [0.11034882 0.11020736 0.09036093 0.09589297 0.09448333 0.11142783\n",
            "  0.09623241 0.09502406 0.09833268 0.09768954]\n",
            " [0.10417373 0.1062668  0.09225069 0.09477045 0.09567942 0.10162728\n",
            "  0.10736839 0.09142637 0.10884555 0.09759136]\n",
            " [0.08883911 0.10882295 0.09558177 0.09322912 0.09296868 0.11798453\n",
            "  0.12077686 0.09053096 0.09903881 0.09222728]\n",
            " [0.10183042 0.11225174 0.10128696 0.09608933 0.09742294 0.10899958\n",
            "  0.10195164 0.0909351  0.08890873 0.10032355]\n",
            " [0.10548189 0.10240874 0.09902063 0.0979325  0.093381   0.1070678\n",
            "  0.1009634  0.08921419 0.10414155 0.1003882 ]\n",
            " [0.09105495 0.1031359  0.09707698 0.10525222 0.09501551 0.11158973\n",
            "  0.10671878 0.09414722 0.10094754 0.09506114]\n",
            " [0.12193806 0.09778364 0.09106088 0.10836694 0.10283019 0.09789351\n",
            "  0.09886875 0.08898934 0.0962975  0.09597121]\n",
            " [0.10156294 0.09914622 0.08687887 0.09657603 0.09943324 0.11691539\n",
            "  0.11660198 0.09079675 0.09098436 0.10110427]\n",
            " [0.10172562 0.11145829 0.09161019 0.0951971  0.08641344 0.10926932\n",
            "  0.110543   0.09930147 0.09532963 0.09915192]\n",
            " [0.10272935 0.11022089 0.09673645 0.09957577 0.09272948 0.10476992\n",
            "  0.10196953 0.08607604 0.10396508 0.10122745]\n",
            " [0.10397394 0.10228925 0.09565062 0.09924178 0.09874537 0.10694495\n",
            "  0.10676631 0.09480823 0.09395105 0.09762851]\n",
            " [0.09112054 0.10160189 0.10458928 0.10052803 0.08655722 0.09364539\n",
            "  0.10956036 0.10119206 0.10057073 0.11063453]\n",
            " [0.09317254 0.10394359 0.10005223 0.09680058 0.09741303 0.09706224\n",
            "  0.1058901  0.09811065 0.10358789 0.1039672 ]\n",
            " [0.10605629 0.10667177 0.08938429 0.09998421 0.1013719  0.10383784\n",
            "  0.09691511 0.10497546 0.09219884 0.09860425]\n",
            " [0.10410644 0.10670629 0.09398444 0.09792785 0.09279631 0.11123704\n",
            "  0.1065603  0.09346881 0.10072765 0.09248485]\n",
            " [0.1034283  0.10797448 0.09307352 0.10688315 0.0975933  0.10619068\n",
            "  0.10542919 0.0894333  0.08996854 0.10002561]\n",
            " [0.09930966 0.09950842 0.09334873 0.09954817 0.0939768  0.10569526\n",
            "  0.10761765 0.09501782 0.09667949 0.10929804]\n",
            " [0.09858424 0.10387972 0.09610019 0.09913057 0.09259084 0.10164674\n",
            "  0.11145591 0.10104326 0.10330169 0.09226684]\n",
            " [0.10042477 0.10200309 0.07908617 0.0984852  0.09622212 0.10416886\n",
            "  0.12142092 0.09770184 0.11067501 0.08981206]\n",
            " [0.09960674 0.10123871 0.09112979 0.0951061  0.09315164 0.10776463\n",
            "  0.10225192 0.09676163 0.11191713 0.10107174]\n",
            " [0.09614651 0.10574012 0.0969083  0.0978827  0.09596792 0.09870696\n",
            "  0.10865082 0.09316148 0.10459457 0.1022406 ]\n",
            " [0.09553033 0.09945745 0.10094099 0.09774891 0.09266328 0.10113634\n",
            "  0.10547477 0.09482383 0.10513815 0.10708597]\n",
            " [0.10034722 0.0981784  0.09397984 0.09252079 0.09628756 0.11495007\n",
            "  0.10311475 0.09811854 0.10580158 0.09670123]\n",
            " [0.09744047 0.10714771 0.09851364 0.10590212 0.09307745 0.11040549\n",
            "  0.1004629  0.08888292 0.09782811 0.10033922]\n",
            " [0.08981354 0.09201015 0.10438585 0.09598082 0.08916942 0.10546493\n",
            "  0.10728782 0.09711827 0.10319883 0.1155704 ]\n",
            " [0.0989524  0.10388655 0.08537485 0.09595842 0.08864003 0.10229927\n",
            "  0.1167647  0.09379938 0.10766218 0.10666225]\n",
            " [0.10287136 0.11094312 0.08723973 0.10684469 0.09215216 0.10677557\n",
            "  0.10848549 0.09322105 0.09946269 0.09200416]\n",
            " [0.10084417 0.10652792 0.09595378 0.09142575 0.09813665 0.10729006\n",
            "  0.09520262 0.09672169 0.10153368 0.10636363]\n",
            " [0.09635349 0.11510747 0.0945288  0.08682251 0.09336321 0.11444998\n",
            "  0.1093231  0.09414824 0.09603957 0.09986357]\n",
            " [0.09616484 0.10640274 0.09937839 0.10297677 0.08927385 0.09940343\n",
            "  0.10217059 0.09153672 0.101803   0.11088965]\n",
            " [0.09106517 0.10455079 0.09705465 0.09330617 0.08470305 0.10341942\n",
            "  0.10942345 0.1069844  0.11031808 0.09917481]\n",
            " [0.10791367 0.11039753 0.08690788 0.09504946 0.10228456 0.09379645\n",
            "  0.10466082 0.08799714 0.10285325 0.10813922]\n",
            " [0.10059553 0.10149445 0.0868275  0.09797113 0.09366941 0.10779663\n",
            "  0.11758041 0.09997515 0.09275471 0.10133509]\n",
            " [0.10538281 0.09825987 0.08749413 0.0891088  0.0987329  0.11185877\n",
            "  0.10123969 0.10054497 0.10127357 0.10610455]\n",
            " [0.11300679 0.10227025 0.09057644 0.10125511 0.09611012 0.09664403\n",
            "  0.09993503 0.09977812 0.08643053 0.11399358]\n",
            " [0.10020317 0.1013518  0.09600758 0.110006   0.0939486  0.10106339\n",
            "  0.10607103 0.09088304 0.10300514 0.09746024]\n",
            " [0.09676854 0.10213498 0.10805172 0.09918711 0.09351823 0.10471731\n",
            "  0.10737597 0.08811913 0.10702244 0.09310459]\n",
            " [0.09514691 0.0956846  0.09421043 0.09680327 0.10041498 0.10269509\n",
            "  0.10968937 0.10107823 0.10464386 0.09963327]\n",
            " [0.1037986  0.10438781 0.09920161 0.09309208 0.09852178 0.09744448\n",
            "  0.10821699 0.09696332 0.09544122 0.10293214]\n",
            " [0.09660481 0.11194096 0.09328248 0.09250005 0.09897371 0.10640116\n",
            "  0.10388785 0.08992774 0.10128561 0.10519566]\n",
            " [0.10618223 0.09380758 0.08462283 0.10139277 0.10777498 0.1102167\n",
            "  0.10182391 0.09352721 0.09658187 0.10406993]\n",
            " [0.10490798 0.11011966 0.10002353 0.09553026 0.09149529 0.10204069\n",
            "  0.10219796 0.09238455 0.09921534 0.10208478]\n",
            " [0.09535424 0.10144247 0.09653553 0.09647003 0.09679782 0.11531779\n",
            "  0.10023154 0.0891839  0.10831349 0.10035316]\n",
            " [0.09343723 0.1038769  0.09824733 0.09340688 0.08939535 0.09964329\n",
            "  0.11059837 0.09485217 0.11142314 0.10511927]\n",
            " [0.10105792 0.10402463 0.09435317 0.10283964 0.08782727 0.09564406\n",
            "  0.11328083 0.09372085 0.10325965 0.10399191]\n",
            " [0.10202614 0.10125461 0.10030518 0.09353674 0.09702476 0.11247802\n",
            "  0.10376509 0.09349827 0.09853204 0.09757915]\n",
            " [0.10455275 0.10895254 0.10377342 0.10225108 0.10341721 0.10175311\n",
            "  0.1020044  0.09044096 0.08717499 0.0956795 ]\n",
            " [0.09523211 0.10345462 0.08750349 0.10191917 0.10872327 0.11316397\n",
            "  0.10170907 0.09686869 0.0931927  0.09823291]\n",
            " [0.09937668 0.11215913 0.08915865 0.08877934 0.0899654  0.10919219\n",
            "  0.11438677 0.08970672 0.10482208 0.10245309]\n",
            " [0.09981344 0.10968645 0.09737796 0.09274105 0.0973863  0.10156222\n",
            "  0.10971572 0.09155017 0.10382608 0.09634058]\n",
            " [0.1093726  0.09991039 0.10645341 0.09872456 0.09083942 0.1095099\n",
            "  0.09318845 0.08339404 0.10443777 0.10416944]\n",
            " [0.10794806 0.1147664  0.08995447 0.08759653 0.09062527 0.10116251\n",
            "  0.10415682 0.09071688 0.10896754 0.10410548]\n",
            " [0.10532996 0.09958787 0.09163544 0.10329937 0.09192982 0.099453\n",
            "  0.10947596 0.09641241 0.09787439 0.1050018 ]\n",
            " [0.10419272 0.10756916 0.08737259 0.10096096 0.10584391 0.10065693\n",
            "  0.10644171 0.09839983 0.09481062 0.09375162]\n",
            " [0.0983544  0.10641284 0.10014538 0.08873383 0.09544165 0.10215219\n",
            "  0.10514393 0.10268938 0.10331183 0.09761451]\n",
            " [0.10443952 0.09353229 0.09595861 0.10325975 0.09984487 0.10721838\n",
            "  0.10050127 0.09240383 0.10321937 0.09962205]\n",
            " [0.10371649 0.10027054 0.10044156 0.09368323 0.10139518 0.09439807\n",
            "  0.11780605 0.09175238 0.09014743 0.10638909]\n",
            " [0.09648759 0.1072574  0.09342611 0.09648795 0.09494836 0.10004985\n",
            "  0.10886444 0.10093945 0.10166433 0.09987452]\n",
            " [0.1034662  0.11136144 0.08975787 0.09845554 0.09411544 0.10775352\n",
            "  0.108556   0.08826286 0.09294353 0.10532767]\n",
            " [0.10982834 0.1025372  0.08998143 0.0914326  0.0965169  0.10116149\n",
            "  0.10714731 0.08394056 0.09885035 0.11860375]\n",
            " [0.10947958 0.10751235 0.08301579 0.0902428  0.10465597 0.11145976\n",
            "  0.10988923 0.09464213 0.09304331 0.09605904]\n",
            " [0.10126679 0.10238615 0.08952943 0.09800577 0.0964834  0.10799786\n",
